549.805
562.500
587.891
594.727
605.469
611.328
615.234
614.258
602.539
583.008
566.406
564.453
562.500
564.453
562.500
569.336
581.055
597.656
626.953
626.953
624.023
628.906
604.492
572.266
557.617
546.875
543.945
538.086
544.922
539.063
538.086
543.945
552.734
570.313
608.398
660.156
663.086
603.516
562.500
561.523
571.289
599.609
637.695
662.109
660.156
658.203
653.320
639.648
631.836
622.070
604.492
605.469
603.516
619.141
631.836
651.367
662.109
650.391
646.484
649.414
654.297
673.828
685.547
696.289
705.078
694.336
700.195
700.195
703.125
686.523
685.547
675.781
685.547
700.195
725.586
748.047
771.484
787.109
759.766
744.141
709.961
703.125
705.078
730.469
769.531
802.734
806.641
790.039
787.109
772.461
752.930
727.539
724.609
713.867
707.031
678.711
680.664
693.359
698.242
699.219
699.219
708.008
703.125
694.336
688.477
679.688
681.641
668.945
677.734
702.148
755.859
787.109
794.922
772.461
747.070
723.633
669.922
641.602
599.609
601.563
643.555
754.883
836.914
872.070
871.094
848.633
809.570
753.906
689.453
664.063
666.992
717.773
782.227
808.594
796.875
776.367
729.492
698.242
669.922
651.367
658.203
688.477
736.328
792.969
819.336
821.289
798.828
766.602
697.266
661.133
620.117
616.211
650.391
732.422
833.984
865.234
859.375
836.914
805.664
769.531
719.727
668.945
636.719
638.672
684.570
744.141
784.180
796.875
800.781
787.109
753.906
733.398
702.148
690.430
699.219
700.195
709.961
716.797
711.914
705.078
692.383
693.359
679.688
665.039
651.367
651.367
663.086
673.828
681.641
673.828
671.875
666.016
653.320
626.953
606.445
590.820
592.773
601.563
633.789
672.852
700.195
710.938
704.102
698.242
689.453
683.594
651.367
633.789
620.117
631.836
658.203
687.500
716.797
725.586
717.773
701.172
677.734
655.273
630.859
604.492
599.609
602.539
631.836
675.781
704.102
687.500
629.883
578.125
570.313
566.406
576.172
578.125
591.797
606.445
635.742
665.039
667.969
665.039
656.250
648.438
634.766
623.047
603.516
596.680
593.750
601.563
619.141
632.813
635.742
626.953
616.211
609.375
603.516
609.375
600.586
598.633
605.469
618.164
632.813
631.836
625.000
612.305
606.445
601.563
608.398
610.352
632.813
693.359
743.164
701.172
657.227
640.625
622.070
615.234
611.328
609.375
615.234
611.328
612.305
601.563
583.984
565.430
553.711
541.016
540.039
542.969
555.664
565.430
577.148
594.727
596.680
578.125
570.313
581.055
598.633
608.398
605.469
599.609
601.563
598.633
588.867
573.242
562.500
555.664
562.500
592.773
632.813
678.711
705.078
719.727
727.539
718.750
702.148
692.383
690.430
685.547
670.898
655.273
626.953
600.586
590.820
604.492
635.742
671.875
691.406
701.172
720.703
717.773
709.961
690.430
675.781
664.063
668.945
666.992
668.945
669.922
661.133
650.391
642.578
655.273
674.805
674.805
684.570
689.453
681.641
672.852
654.297
644.531
647.461
639.648
638.672
628.906
625.000
614.258
611.328
605.469
600.586
597.656
604.492
620.117
653.320
666.992
674.805
668.945
673.828
665.039
661.133
650.391
636.719
633.789
630.859
645.508
643.555
639.648
630.859
628.906
634.766
648.438
652.344
645.508
636.719
616.211
609.375
602.539
602.539
600.586
607.422
616.211
623.047
615.234
608.398
594.727
593.750
594.727
610.352
621.094
614.258
606.445
606.445
609.375
621.094
626.953
625.977
631.836
637.695
640.625
633.789
621.094
597.656
582.031
576.172
567.383
563.477
560.547
562.500
562.500
552.734
541.992
562.500
620.117
668.945
690.430
695.313
694.336
683.594
663.086
643.555
627.930
609.375
594.727
584.961
578.125
588.867
607.422
641.602
663.086
653.320
651.367
650.391
646.484
645.508
642.578
624.023
610.352
593.750
588.867
597.656
614.258
622.070
629.883
650.391
673.828
691.406
680.664
676.758
677.734
667.969
663.086
650.391
649.414
652.344
665.039
678.711
681.641
684.570
701.172
685.547
664.063
645.508
631.836
622.070
623.047
621.094
611.328
618.164
637.695
673.828
704.102
695.313
689.453
675.781
653.320
626.953
612.305
605.469
598.633
606.445
613.281
641.602
662.109
685.547
696.289
677.734
664.063
643.555
625.977
614.258
607.422
605.469
619.141
624.023
630.859
625.977
631.836
637.695
639.648
632.813
621.094
598.633
585.938
581.055
584.961
604.492
621.094
630.859
630.859
626.953
624.023
625.000
626.953
626.953
638.672
644.531
662.109
669.922
672.852
673.828
671.875
664.063
639.648
614.258
588.867
574.219
560.547
553.711
551.758
552.734
562.500
577.148
593.750
624.023
648.438
668.945
683.594
680.664
673.828
634.766
616.211
606.445
598.633
590.820
596.680
606.445
622.070
653.320
669.922
665.039
647.461
628.906
612.305
607.422
620.117
630.859
631.836
632.813
643.555
653.320
673.828
676.758
674.805
669.922
660.156
645.508
628.906
609.375
596.680
589.844
588.867
595.703
617.188
633.789
669.922
695.313
705.078
693.359
686.523
676.758
664.063
651.367
639.648
630.859
632.813
614.258
599.609
586.914
583.008
589.844
609.375
631.836
644.531
661.133
677.734
673.828
660.156
648.438
626.953
616.211
602.539
589.844
594.727
605.469
624.023
637.695
633.789
626.953
618.164
612.305
611.328
601.563
595.703
590.820
587.891
598.633
607.422
615.234
615.234
609.375
594.727
591.797
581.055
583.984
596.680
623.047
640.625
651.367
660.156
660.156
648.438
639.648
623.047
610.352
604.492
601.563
602.539
585.938
578.125
573.242
580.078
597.656
611.328
623.047
627.930
627.930
611.328
571.289
556.641
557.617
557.617
564.453
567.383
576.172
592.773
607.422
619.141
613.281
616.211
613.281
606.445
593.750
587.891
583.984
580.078
583.984
601.563
622.070
651.367
661.133
677.734
664.063
652.344
635.742
624.023
621.094
609.375
601.563
593.750
592.773
605.469
630.859
662.109
669.922
667.969
661.133
650.391
646.484
637.695
621.094
608.398
595.703
593.750
613.281
640.625
666.016
679.688
685.547
693.359
692.383
677.734
659.180
641.602
635.742
630.859
623.047
618.164
621.094
628.906
628.906
639.648
642.578
645.508
640.625
627.930
614.258
613.281
616.211
635.742
651.367
663.086
673.828
685.547
694.336
679.688
661.133
639.648
618.164
601.563
591.797
595.703
604.492
619.141
645.508
678.711
690.430
695.313
701.172
699.219
683.594
650.391
625.000
608.398
600.586
591.797
589.844
588.867
592.773
621.094
634.766
654.297
652.344
645.508
650.391
639.648
622.070
600.586
581.055
573.242
562.500
560.547
550.781
533.203
526.367
531.250
536.133
546.875
562.500
573.242
580.078
583.008
596.680
595.703
588.867
583.984
589.844
601.563
617.188
634.766
657.227
669.922
677.734
654.297
634.766
620.117
612.305
615.234
620.117
633.789
650.391
650.391
653.320
662.109
646.484
632.813
626.953
614.258
609.375
592.773
589.844
597.656
598.633
607.422
613.281
622.070
625.977
628.906
623.047
617.188
607.422
591.797
583.984
572.266
571.289
575.195
584.961
603.516
615.234
641.602
651.367
605.469
589.844
595.703
590.820
578.125
573.242
568.359
569.336
559.570
544.922
527.344
521.484
522.461
526.367
538.086
557.617
581.055
603.516
614.258
625.000
625.977
631.836
616.211
605.469
604.492
611.328
629.883
648.438
658.203
675.781
676.758
664.063
647.461
622.070
588.867
554.688
542.969
547.852
551.758
559.570
570.313
589.844
618.164
626.953
625.977
620.117
594.727
560.547
542.969
540.039
538.086
539.063
536.133
538.086
541.016
561.523
589.844
636.719
672.852
687.500
702.148
711.914
716.797
710.938
680.664
655.273
619.141
596.680
591.797
587.891
600.586
609.375
625.977
652.344
669.922
675.781
638.672
597.656
571.289
562.500
560.547
560.547
562.500
564.453
575.195
583.984
607.422
622.070
637.695
640.625
630.859
618.164
612.305
605.469
593.750
586.914
583.984
588.867
608.398
633.789
657.227
665.039
673.828
666.992
652.344
634.766
617.188
609.375
606.445
617.188
632.813
635.742
636.719
648.438
658.203
659.180
653.320
635.742
612.305
590.820
581.055
566.406
562.500
557.617
560.547
567.383
575.195
577.148
583.984
591.797
593.750
594.727
579.102
547.852
538.086
533.203
528.320
529.297
534.180
545.898
573.242
591.797
599.609
602.539
602.539
605.469
606.445
603.516
588.867
576.172
571.289
568.359
568.359
567.383
553.711
553.711
561.523
577.148
593.750
612.305
625.977
631.836
623.047
608.398
589.844
582.031
569.336
557.617
553.711
563.477
568.359
585.938
599.609
596.680
592.773
