564
563
569
581
598
627
627
624
629
605
572
559
547
544
539
545
539
538
544
554
569
608
660
663
604
563
562
571
600
638
662
660
658
653
640
632
622
604
605
604
619
632
651
662
651
646
649
654
674
685
696
705
694
700
700
702
687
686
675
686
701
726
749
771
787
760
744
710
703
704
730
769
803
808
791
787
772
753
728
724
714
707
679
681
693
699
699
699
708
703
695
688
680
681
668
678
702
756
787
795
773
747
724
670
642
600
602
644
755
837
872
871
849
810
754
689
664
667
718
782
808
797
775
730
698
670
652
657
688
736
792
819
821
800
767
698
661
621
616
650
731
833
865
859
837
806
770
721
669
637
639
685
744
784
797
801
787
755
733
703
690
699
700
710
717
712
705
692
692
680
665
651
651
662
673
682
674
673
666
653
627
606
591
593
601
634
673
700
711
703
698
689
684
652
635
619
632
658
688
716
726
718
701
678
655
631
604
600
603
632
675
704
688
630
578
570
567
576
578
592
606
636
665
668
666
655
648
636
623
604
596
594
602
619
633
636
627
615
609
604
610
600
599
606
618
633
632
625
612
607
602
609
610
633
694
743
701
657
641
622
616
611
609
615
610
612
603
584
565
554
541
540
544
556
565
577
595
597
577
570
580
600
609
605
600
602
598
590
574
563
556
563
593
633
679
705
720
729
719
701
692
689
685
671
655
627
601
591
604
636
672
692
701
721
717
711
691
676
664
668
667
670
670
661
650
643
648
675
676
685
688
682
673
654
645
647
640
639
629
626
613
611
606
602
597
605
620
653
668
676
669
674
665
662
651
637
633
631
646
644
640
632
628
635
647
653
646
637
616
609
604
602
602
607
615
623
616
608
594
594
596
609
621
614
606
605
609
621
627
626
632
637
641
634
621
598
581
576
567
563
561
563
563
554
542
562
620
669
690
695
693
684
663
643
628
609
595
585
578
589
607
643
663
654
652
649
646
646
644
624
610
594
589
598
614
622
629
650
674
690
682
677
678
668
663
651
649
652
665
680
682
685
701
686
664
646
632
622
623
621
612
617
638
674
705
696
689
676
653
627
612
605
600
606
612
641
663
685
696
678
664
644
626
614
608
605
619
625
631
626
632
638
640
633
621
599
586
581
585
604
621
632
630
627
623
625
627
627
639
645
661
670
674
673
671
665
639
615
589
573
561
554
551
553
563
577
594
624
648
669
684
681
675
634
616
605
599
592
597
605
622
653
670
666
647
629
611
607
620
632
632
634
644
653
674
677
674
669
660
646
629
609
596
590
590
597
616
634
670
695
705
693
687
677
664
650
640
632
633
615
600
586
583
590
609
633
645
661
678
674
660
648
626
616
603
591
595
605
625
639
634
627
618
612
611
603
596
591
588
599
607
615
615
609
595
592
581
584
597
623
640
652
660
659
649
641
623
609
604
602
603
587
578
573
580
598
611
623
628
628
611
571
557
558
558
564
567
576
593
607
619
612
617
613
606
595
587
584
580
584
602
622
651
662
677
664
652
636
624
621
610
602
594
593
605
632
662
670
669
660
651
646
638
622
608
596
594
612
641
667
680
685
693
692
679
659
643
636
631
624
618
621
629
630
640
643
645
641
628
615
612
616
636
651
663
674
686
694
680
661
640
619
602
592
596
604
619
646
678
691
694
701
700
684
650
625
607
601
592
590
589
593
622
634
654
652
646
650
640
622
601
581
574
563
561
551
533
526
531
537
547
562
573
580
583
598
596
589
584
590
602
617
635
657
670
679
654
635
620
611
615
620
635
650
650
654
662
646
633
627
614
609
593
591
598
599
607
613
621
626
629
623
617
607
593
584
571
571
575
585
604
614
642
651
606
590
597
590
579
572
568
570
560
545
527
522
522
527
538
558
581
604
614
625
626
633
616
605
604
612
630
648
658
676
677
665
647
622
589
555
543
548
552
560
570
590
618
627
626
619
596
561
543
540
538
539
536
538
541
562
590
637
673
688
702
712
717
711
682
655
619
597
592
588
601
609
626
652
671
675
639
598
571
563
562
561
562
565
575
584
608
622
638
641
631
618
612
605
594
587
584
589
608
634
657
665
674
667
652
636
617
609
605
617
633
636
637
648
658
659
654
636
612
591
581
567
563
558
562
566
575
578
584
591
594
595
579
548
539
533
529
529
534
546
572
592
601
602
603
605
606
604
589
576
570
567
568
567
555
554
562
577
594
612
626
632
623
608
590
581
570
558
555