685.5
693.4
680.7
663.1
633.8
621.1
633.8
655.3
689.5
671.9
690.4
728.5
739.3
689.5
688.5
711.9
743.2
682.6
673.8
678.7
685.5
673.8
728.5
784.2
767.6
790
806.6
744.1
748
736.3
691.4
708
715.8
695.3
685.5
710
719.7
688.5
706.1
726.6
695.3
693.4
712.9
733.4
713.9
747.1
764.6
742.2
710.9
676.8
641.6
629.9
617.2
619.1
607.4
629.9
696.3
693.4
716.8
800.8
861.3
826.2
779.3
716.8
688.5
660.2
654.3
662.1
645.5
613.3
610.4
611.3
632.8
670.9
708
824.2
849.6
865.2
875
861.3
829.1
726.6
666
645.5
648.4
712.9
700.2
695.3
788.1
871.1
797.9
747.1
818.4
813.5
731.4
694.3
712.9
727.5
710.9
677.7
682.6
708
721.7
685.5
668.9
693.4
722.7
716.8
694.3
719.7
745.1
729.5
699.2
700.2
729.5
706.1
694.3
660.2
643.6
633.8
644.5
693.4
747.1
744.1
677.7
654.3
644.5
643.6
669.9
706.1
702.1
659.2
650.4
652.3
695.3
746.1
755.9
697.3
672.9
670.9
710
759.8
774.4
733.4
687.5
677.7
697.3
717.8
737.3
713.9
679.7
668.9
676.8
707
735.4
739.3
697.3
670.9
683.6
712.9
734.4
727.5
687.5
673.8
710
744.1
789.1
752
711.9
713.9
734.4
740.2
712.9
681.6
665
667
668
684.6
676.8
702.1
773.4
828.1
814.5
814.5
761.7
732.4
745.1
787.1
806.6
789.1
768.6
727.5
686.5
659.2
626
604.5
586.9
576.2
584
623
641.6
664.1
679.7
682.6
658.2
656.3
666
675.8
659.2
642.6
637.7
622.1
625
656.3
701.2
734.4
716.8
676.8
701.2
707
711.9
729.5
757.8
731.4
696.3
668.9
644.5
637.7
635.7
668.9
716.8
767.6
809.6
814.5
733.4
760.7
772.5
693.4
738.3
865.2
768.6
780.3
854.5
798.8
790
810.5
781.3
783.2
804.7
804.7
782.2
764.6
702.1
702.1
708
713.9
751
771.5
818.4
837.9
835
796.9
804.7
835.9
843.8
761.7
752
749
754.9
760.7
697.3
705.1
702.1
672.9
660.2
687.5
704.1
724.6
755.9
698.2
670.9
693.4
738.3
760.7
705.1
704.1
754.9
780.3
724.6
751
805.7
801.8
732.4
746.1
756.8
755.9
733.4
770.5
777.3
746.1
779.3
776.4
754.9
720.7
738.3
747.1
713.9
694.3
732.4
763.7
734.4
722.7
766.6
784.2
737.3
751
753.9
726.6
710
739.3
743.2
717.8
720.7
738.3
714.8
697.3
729.5
729.5
727.5
683.6
696.3
697.3
692.4
671.9
706.1
709
683.6
680.7
705.1
721.7
705.1
675.8
681.6
709
712.9
684.6
674.8
710.9
733.4
746.1
709
709
734.4
743.2
715.8
697.3
723.6
722.7
715.8
686.5
668.9
684.6
696.3
698.2
671.9
650.4
663.1
690.4
689.5
664.1
648.4
632.8
625
636.7
665
721.7
698.2
694.3
747.1
792
790
739.3
702.1
740.2
763.7
783.2
744.1
704.1
737.3
748
795.9
800.8
808.6
746.1
727.5
738.3
728.5
701.2
697.3
734.4
793
793.9
798.8
835
760.7
714.8
676.8
641.6
628.9
618.2
625
646.5
660.2
663.1
650.4
687.5
660.2
646.5
681.6
772.5
819.3
727.5
721.7
782.2
828.1
769.5
724.6
680.7
650.4
627.9
620.1
602.5
588.9
571.3
559.6
546.9
543.9
529.3
517.6
517.6
502.9
502.9
500
493.2
496.1
488.3
487.3
488.3
479.5
487.3
481.4
481.4
478.5
482.4
489.3
482.4
483.4
480.5
490.2
497.1
496.1
511.7
513.7
516.6
518.6
514.6
513.7
516.6
504.9
502.9
500
494.1
497.1
489.3
484.4
482.4
474.6
469.7
471.7
473.6
470.7
469.7
475.6
473.6
481.4
474.6
479.5
486.3
482.4
500
499
499
507.8
497.1
499
497.1
491.2
485.4
479.5
471.7
474.6
469.7
464.8
460.9
463.9
454.1
451.2
450.2
452.1
450.2
449.2
449.2
448.2
448.2
446.3
449.2
449.2
445.3
443.4
446.3
448.2
445.3
445.3
451.2
451.2
453.1
448.2
447.3
449.2
451.2
450.2
448.2
448.2
440.4
446.3
449.2
445.3
439.5
440.4
439.5
440.4
438.5
433.6
430.7
434.6
432.6
431.6
427.7
425.8
423.8
425.8
427.7
423.8
418.9
421.9
426.8
418
415
418
417
420.9
418.9
419.9
415
416
414.1
418
418
416
412.1
417
417
415
411.1
413.1
412.1
411.1
408.2
407.2
408.2
410.2
404.3
402.3
402.3
408.2
403.3
400.4
399.4
403.3
404.3
403.3
400.4
399.4
403.3
404.3
401.4
400.4
404.3
402.3
402.3
404.3
402.3
405.3
399.4
402.3
405.3
404.3
401.4
396.5
397.5
399.4
401.4
393.6
391.6
395.5
398.4
393.6
395.5
392.6
390.6
389.6
394.5
395.5
391.6
393.6
385.7
385.7
389.6
389.6
388.7
382.8
383.8
384.8
388.7
381.8
381.8
379.9
381.8
381.8
379.9
376
380.9
381.8
379.9
377.9
375
377
375
378.9
379.9
379.9
378.9
379.9
376
379.9
377.9
377.9
376
377.9
377.9
378.9
378.9
374
375
373
377
377
373
374
373
375
375
374
372.1
371.1
369.1
372.1
374
374
374
372.1
370.1
370.1
376
376
372.1
372.1
372.1
377.9
370.1
369.1
371.1
371.1
369.1
368.2
366.2
369.1
371.1
367.2
367.2
366.2
367.2
371.1
367.2
367.2
367.2
369.1
365.2
368.2
371.1
367.2
366.2
368.2
372.1
370.1
371.1
373
374
378.9
378.9
377.9
376
377
383.8
389.6
400.4
414.1
433.6
439.5
437.5
433.6
431.6
432.6
435.5
428.7
425.8
421.9
420.9
418.9
416
418.9
428.7
434.6
437.5
433.6
434.6
437.5
453.1
476.6
502.9
502.9
484.4
471.7
465.8
462.9
470.7
488.3
496.1
490.2
479.5
471.7
467.8
478.5
503.9
528.3
537.1
511.7
496.1
488.3
481.4
493.2
511.7
527.3
515.6
500
493.2
502.9
531.3
575.2
566.4
531.3
512.7
503.9
513.7
529.3
543
516.6
503.9
497.1
491.2
487.3
508.8
576.2
628.9
607.4
561.5
534.2
522.5
541
598.6
639.6
611.3
567.4
547.9
547.9
599.6
684.6
678.7
603.5
572.3
558.6
573.2
625
646.5
589.8
564.5
561.5
613.3
733.4
726.6
638.7
595.7
605.5
646.5
688.5
621.1
590.8
610.4
660.2
675.8
607.4
585.9
616.2
696.3
661.1
605.5
589.8
620.1
664.1
639.6
598.6
588.9
627
681.6
635.7
596.7
602.5
632.8
657.2
627
593.8
595.7
618.2
635.7
612.3
566.4
543.9
537.1
531.3
546.9
581.1
585.9
562.5
557.6
583
636.7
648.4
596.7
578.1
584
606.4
615.2
585.9
571.3
597.7
677.7
701.2
625
598.6
617.2
695.3
750
659.2
622.1
634.8
700.2
710
638.7
614.3
640.6
715.8
685.5
631.8
616.2
631.8
716.8
809.6
732.4
646.5
615.2
616.2
674.8
789.1
740.2
653.3
625
655.3
782.2
821.3
708
640.6
618.2
657.2
793
808.6
704.1
640.6
631.8
704.1
837.9
752
663.1
648.4
697.3
812.5
726.6
651.4
632.8
661.1
762.7
745.1
657.2
631.8
632.8
669.9
714.8
682.6
634.8
624
653.3
716.8
717.8
650.4
630.9
649.4
687.5
696.3
643.6
620.1
631.8
678.7
708
661.1
627
622.1
652.3
683.6
673.8
626
608.4
613.3
634.8
694.3
663.1
629.9
623
652.3
698.2
709
655.3
624
618.2
640.6
697.3
734.4
661.1
629.9
621.1
652.3
721.7
733.4
655.3
632.8
638.7
679.7
725.6
663.1
641.6
654.3
694.3
734.4
694.3
645.5
629.9
636.7
671.9
713.9
652.3
632.8
643.6
671.9
698.2
648.4
627.9
625
645.5
688.5
665
630.9
618.2
634.8
679.7
716.8
652.3
636.7
652.3
675.8
683.6
645.5
642.6
664.1
672.9
677.7
642.6
633.8
655.3
682.6
678.7
644.5
639.6
670.9
716.8
729.5
668
645.5
658.2
673.8
696.3
649.4
629.9
638.7
672.9
710
665
653.3
671.9
691.4
654.3
643.6
661.1
678.7
650.4
635.7
656.3
679.7
655.3
645.5
667
680.7
658.2
636.7
645.5
664.1
704.1
676.8
648.4
671.9
720.7
726.6
664.1
674.8
693.4
712.9
684.6
646.5
651.4
665
676.8
668
636.7
627
643.6
681.6
665
640.6
650.4
680.7
697.3
687.5
645.5
642.6
666
689.5
671.9
637.7
628.9
634.8
637.7
623
603.5
600.6
589.8
581.1
572.3
559.6
552.7
549.8
552.7
579.1
639.6
646.5
610.4
610.4
643.6
683.6
708
656.3
631.8
633.8
652.3
715.8
666
641.6
644.5
660.2
646.5
624
610.4
595.7
599.6
598.6
592.8
608.4
628.9
660.2
635.7
629.9
648.4
657.2
647.5
623
607.4
602.5
598.6
589.8
595.7
630.9
701.2
693.4
744.1
801.8
738.3
722.7
739.3
744.1
680.7
705.1
721.7
709
668.9
712.9
739.3
755.9
706.1
672.9
681.6
687.5
710.9
681.6
663.1
685.5
715.8
689.5
648.4
658.2
655.3
628.9
617.2
623
606.4
614.3
622.1
644.5
627.9
633.8
667
684.6
654.3
638.7
655.3
672.9
681.6
644.5
668.9
700.2
700.2
670.9
708
707
688.5
655.3
612.3
